AnimationFolder = ./animation/machine2/
UniqueSymbol = N02G02_
KContractMemb=8.975
MembrStiff =600 #200 #100 # 50
MembrStiff_Mitotic =600 #200 #100 # 50
IntraCell_U0 =0.827 #0.78125 #0.78125  #2.0 #0.488    #0.05   #3.66 #9.375 #1.25 # 0.05
IntraCell_V0 =0.620 #0    #0.146484 #0.015  #2.44 #6.25   #0.375 # 0.015
IntraCell_k1 =0.057 #0.125 #0.125 #0.3125   #0.1      #0.2344 #0.375  #0.5 # 0.1
IntraCell_k2 =0.854    #0.4    #0.625 #1.0 # 0.4


